object={
	name="env_coast_foam_l"
	clamp_to_water_level=yes
	render_under_water=yes
	generated_content=no
	layer="coast_foam_layer"
	entity="env_coast_foam_l"
	count=6
	transform="7898.097656 0.000000 204.202148 0.000000 0.089723 0.000000 0.995967 1.000000 1.000000 1.000000
7806.746094 0.000000 233.287567 0.000000 0.051369 0.000000 0.998680 1.000000 1.000000 1.000000
7708.290039 0.000000 240.715652 0.000000 0.219630 0.000000 0.975583 1.000000 1.000000 1.000000
7671.085449 0.000000 249.495285 0.000000 0.048382 0.000000 0.998829 1.000000 1.000000 1.000000
8068.328613 0.000000 185.393768 0.000000 0.148376 0.000000 0.988931 1.000000 1.000000 1.000000
7842.273926 0.000000 288.896027 0.000000 0.997681 0.000000 -0.068067 1.000000 1.000000 1.000000
"}
object={
	name="env_coast_foam_m"
	clamp_to_water_level=yes
	render_under_water=yes
	generated_content=no
	layer="coast_foam_layer"
	entity="env_coast_foam_m"
	count=2
	transform="7787.836914 0.000000 230.446564 0.000000 0.132725 0.000000 0.991153 1.000000 1.000000 1.000000
7602.268066 0.000000 273.990997 0.000000 -0.085467 0.000000 0.996341 1.000000 1.000000 1.000000
"}
object={
	name="env_coast_foam_s"
	clamp_to_water_level=yes
	render_under_water=yes
	generated_content=no
	layer="coast_foam_layer"
	entity="env_coast_foam_s"
	count=3
	transform="7818.289062 0.000000 228.233017 0.000000 0.069707 0.000000 0.997568 1.000000 1.000000 1.000000
7752.080566 0.000000 225.255981 0.000000 0.048565 0.000000 0.998820 1.000000 1.000000 1.000000
7718.836426 0.000000 233.604462 0.000000 0.220762 0.000000 0.975328 1.000000 1.000000 1.000000
"}
